player:-0.007461428642272949:-8.998611450195312:2.8512630462646484:1.0:1.0:1.0:0.0:0.0:0.0
kill:0.0:4.079029560089111:-1.6228787899017334:-33.936553955078125:-33.936553955078125:-33.936553955078125:-89.999995674289:-0.0:0.0
hole:0.09594583511352539:8.345773696899414:0.7081751823425293:0.7923105359077454:0.7923105359077454:0.7923105359077454:0.0:0.0:0.0
box:0.29029202461242676:-7.397955417633057:0.16759610176086426:5.018793106079102:5.018793106079102:0.5:0.0:0.0:0.0
box:5.390379905700684:3.220737934112549:3.8014464378356934:1.0:15.269525527954102:6.5608696937561035:0.0:0.0:0.0
box:-4.609620094299316:3.220737934112549:3.8014464378356934:1.0:15.269525527954102:6.5608696937561035:0.0:0.0:0.0
box:0.3903812766075134:-12.498519897460938:3.8014464378356934:1.0:6.062665939331055:6.5608696937561035:0.0:-0.0:-89.999995674289
box:0.39037883281707764:18.814481735229492:3.8014464378356934:1.0:6.062665939331055:6.5608696937561035:0.0:-0.0:-89.999995674289
box:0.29029202461242676:-0.6401010155677795:0.8406922817230225:5.018793106079102:2.9024107456207275:0.4999999701976776:13.112166012899122:9.778790044847773e-15:-6.196659532568307e-16
box:0.29029202461242676:5.922006130218506:1.4001874923706055:5.018793106079102:1.5678701400756836:0.4999999701976776:0.0:6.134699325948162e-15:1.5768024801706411e-15
box:0.29029202461242676:10.495063781738281:1.4001874923706055:5.018793106079102:1.3917818069458008:0.4999999701976776:0.0:6.134699325948162e-15:1.5768024801706411e-15
box:3.1240992546081543:8.386987686157227:1.4001874923706055:2.058424711227417:2.9024107456207275:0.4999999701976776:0.0:6.134699325948162e-15:1.5768024801706411e-15
box:-2.785426616668701:8.386987686157227:1.4001874923706055:2.058424711227417:2.9024107456207275:0.4999999701976776:0.0:6.134699325948162e-15:1.5768024801706411e-15
box:0.29029202461242676:6.041248321533203:2.0358998775482178:1.1895477771759033:1.567870020866394:0.4999999701976776:24.52196372423322:-3.5333105648769974e-16:2.8332214251479162e-15
