player:0.24136057496070862:-2.310276746749878:1.54079008102417:1.0:1.0:1.0:0.0:0.0:0.0
hole:0.0:13.994782447814941:-1.46110200881958:1.0:1.0:1.0:0.0:0.0:0.0
kill:0.0:4.079029560089111:-4.889597415924072:-33.936553955078125:-33.936553955078125:-33.936553955078125:-89.999995674289:-0.0:0.0
box:0.0:4.006378173828125:0.0:4.796043872833252:8.720050811767578:0.30000001192092896:0.0:0.0:0.0
box:-3.7952828407287598:14.019725799560547:-0.25918906927108765:2.9697163105010986:1.3339341878890991:0.3012685775756836:5.608768236354928e-08:6.895457603947746:9.309646397043404e-07
sphere:-1.9360841512680054:6.189040184020996:-7.769474029541016:9.319753646850586:9.319753646850586:9.319753646850586:0.0:0.0:0.0
box:-5.796425819396973:5.336453914642334:0.9326768517494202:1.195776343345642:9.968330383300781:1.658455729484558:0.0:0.0:0.0
box:5.6810808181762695:5.336453914642334:0.9326768517494202:1.195776343345642:9.968330383300781:1.658455729484558:0.0:0.0:0.0
box:-0.02960243821144104:-5.307453632354736:0.9326768517494202:6.91936731338501:0.9780418276786804:1.658455729484558:0.0:0.0:0.0
box:-0.02960243448615074:16.12883758544922:0.9326768517494202:6.99330997467041:0.9780418276786804:1.658455729484558:0.0:0.0:0.0
box:3.948861598968506:14.019725799560547:-0.25918906927108765:2.9670917987823486:1.3339341878890991:0.3016851544380188:7.482704618574883e-08:-7.956489071695146:-1.0759495887479185e-06
box:0.0:11.833296775817871:1.1753780841827393:2.0942726135253906:1.0:1.0:0.0:0.0:0.0
