Center:0.0:0.0:0.0:1.0:1.0:1.0:0.0:51.42856846886591:0.0
box:0.0:0.0:6.919992446899414:3.870879650115967:1.0:1.0:0.0:0.0:0.0
box:-5.360516548156738:-3.6190803598401544e-07:4.2263994216918945:3.870879650115967:1.0:1.0:4.755266133139818e-06:-51.818326383663525:-9.789100410166932e-06
box:-7.29868745803833:-1.0191209867116413e-06:-1.7262154817581177:3.8708794116973877:1.0:1.7061749696731567:-4.169313307506918e-05:-103.08822272792086:3.311183899252391e-05
box:-2.9602856636047363:-1.7450417999498313e-06:-6.067925930023193:3.870879650115967:1.0:1.0:-1.619800216173726e-05:-154.9163401877596:3.6034188408059483e-06
box:2.9069457054138184:-1.748625095387979e-06:-6.094594955444336:3.870879650115967:1.0:1.0:-1.630479226216658e-05:-206.56187303070556:-3.848563985878679e-06
box:6.613968849182129:-1.1466395335446578e-06:-1.6141633987426758:3.870879650115967:1.0:1.0:-4.5717959432062324e-05:-258.3180822589624:-3.7232258269023625e-05
box:-3.7686487530663726e-07:0.0:18.272127151489258:10.52142333984375:0.6967464685440063:0.6311374306678772:-7.698192974131337e-06:-89.99998884409983:0.0
box:0.0:0.0:22.863388061523438:11.847246170043945:0.5109366774559021:12.033483505249023:13.821627153498456:3.0393381276169413e-15:3.683818609400446e-16
light-1:-3.4767208099365234:-1.1080012321472168:7.207724571228027:1.0:1.0:1.0:0.0:0.0:0.0
light-2:3.451456069946289:-1.1080012321472168:7.207724571228027:1.0:1.0:1.0:0.0:0.0:0.0
light-3:7.721414089202881:-1.1080005168914795:1.7288017272949219:1.0:1.0:1.0:0.0:0.0:0.0
light-4:6.216639518737793:-1.107999563217163:-5.0233917236328125:1.0:1.0:1.0:0.0:0.0:0.0
light-5:0.016344476491212845:-1.1079992055892944:-7.973453044891357:1.0:1.0:1.0:0.0:0.0:0.0
box:5.30717658996582:-3.6190823493598145e-07:4.2263994216918945:3.870879650115967:1.0:1.0:5.030741454765984e-06:-307.2129203382258:1.0137226725160212e-05
light-6:-6.237579345703125:-1.107999563217163:-4.984574317932129:1.0:1.0:1.0:0.0:0.0:0.0
light-7:-7.7605719566345215:-1.1080005168914795:1.810336709022522:1.0:1.0:1.0:0.0:0.0:0.0
trigger:0.0:0.0:0.0:5.201405048370361:0.6930947303771973:5.201405048370361:0.0:0.0:0.0
