Window_TRANSPARENT:40:-6.08269711895482e-17:0.051686860620975494:1.4022773504257202:1.1961627006530762:-5.196744993007655e-17:-6.166876312044137e-18:1.0:1.0:1.0
Window_TRANSPARENT:1:0.0:0.0:0.0:0.0:0.0:0.0:1.0:1.0:1.0
Bars:40:-6.08269711895482e-17:0.051686860620975494:1.4022773504257202:1.1961627006530762:-5.196744993007655e-17:-6.166876312044137e-18:1.0:1.0:1.0
Bars:1:0.0:0.0:0.0:0.0:0.0:0.0:1.0:1.0:1.0
